pvar_Max_Speed        =   [	
                          45	34	41	52	60	35	39	48	37	52	43	35	30
                          ];
pvar_Braking_distance =  [	
                          89	55	58	76	90	44	49	62	59	67	45	43	34
                         ];
pvar_TTC_min	     =   [
                          1.52	1.66	2.05	2.19	2.23	2.34	2.36	2.54	2.60	2.67	2.86	2.89	3.23
                         ];
pvar_G_Min	         =   [
                          -0.34	-0.22	-0.20	-0.17	-0.26	-0.16	-0.16	-0.15	-0.16	-0.26	-0.19	-0.17	-0.25
                         ];
pvar_G_mean          =   [
                          -0.04	-0.07	-0.13	-0.11	-0.17	-0.1	-0.07	-0.09	-0.08	-0.18	-0.08	-0.08	-0.10
                          ];
pvar_G_std	         =   [
                           0.13	0.07	0.03	0.03	0.07	0.04	0.06	0.04	0.05	0.06	0.06	0.03	0.07
                         ];